8.163361727705692461e-01
2.710429849915441669e-01
-4.553004835922249693e-01
-8.775140356334951708e-01
-7.135690395518362594e-01
-7.297686151687199363e-02
6.163621279151501042e-01
8.939858451739091105e-01
5.744482364929758278e-01
-1.288071597119102296e-01
-7.460224304502387493e-01
-8.649124243920944810e-01
-4.060614474226904580e-01
3.240289386100109192e-01
8.376756844354746878e-01
7.917749551802608643e-01
2.169873485390761136e-01
-5.027426567600251639e-01
-8.866524998742795205e-01
-6.782995176530088877e-01
-1.685855698938493186e-02
6.558435196075149687e-01
8.904576914662908349e-01
5.302672603218001601e-01
-1.841291148939584732e-01
-7.755316116408822458e-01
-8.488973989525179231e-01
-3.552198722320074609e-01
3.757360980425244468e-01
8.557092728715314234e-01
7.640889635694227966e-01
1.620753621540170497e-01
-5.482007343428656476e-01
-8.922917517710564628e-01
-6.403530574435772893e-01
3.932628056059795513e-02
6.927365965543914594e-01
8.834153080618777354e-01
4.839935615302010663e-01
-2.387243965801143231e-01
-8.019801238670702936e-01
-8.295321633036087938e-01
-3.029764064901550036e-01
4.259603987535590108e-01
8.703657677439446960e-01
7.333874618984204119e-01
1.065237383597179704e-01
-5.914953140763448136e-01
-8.944095357729178186e-01
-5.998794162659001339e-01
9.535591524767991767e-02
7.268957586359148237e-01
8.728864880306069773e-01
4.358097612668705434e-01
-2.923775421357648896e-01
-8.252635869342208608e-01
-8.068931431833342716e-01
-2.495372312886246502e-01
4.745036283735112881e-01
8.815873265633673572e-01
6.997916149681676634e-01
5.055171403618933385e-02
-6.324555320336739950e-01
-8.929974939539321310e-01
-5.570383250910555528e-01
1.510092237012467808e-01
7.581861952451841580e-01
8.589127838149848149e-01
3.859060189783553585e-01
-3.448768071072048080e-01
-8.452901116508164669e-01
-7.810696844613302936e-01
-1.951132466379271180e-01
5.211742089523553334e-01
8.893296629637837958e-01
6.634340102380097415e-01
-5.619814807758780756e-03
-6.709197369475099482e-01
-8.880611989980581322e-01
-5.119988581336799571e-01
2.060665677384106442e-01
7.864844173241483105e-01
8.415493432415708241e-01
3.344792819366162462e-01
-3.960150008802184596e-01
-8.619806624730365074e-01
-7.521637005315502389e-01
-1.399192391415131353e-01
5.657879530303220328e-01
8.935622214805571950e-01
6.244581345636106562e-01
-6.176916481011616999e-02
-7.067361281736900258e-01
-8.796201322063104122e-01
-4.649387655932896157e-01
2.603106611755954258e-01
8.116787447184858895e-01
8.208646918777038337e-01
2.817325079781395347e-01
-4.455903043667909236e-01
-8.752693694219898513e-01
-7.202892701066803127e-01
-8.417303433122125256e-02
6.081687905415917861e-01
8.942682981388951902e-01
5.830178079198734542e-01
-1.176747401386025182e-01
-7.397633547789926878e-01
-8.677076066129552068e-01
-4.160437721554093859e-01
3.135274273577364768e-01
8.336697469281602046e-01
7.969404625924009222e-01
2.278738645220007852e-01
-4.934070664928957850e-01
-8.851037880423675563e-01
-6.855721870015729635e-01
-2.809463700942550768e-02
6.481494636824947086e-01
8.914451063768009664e-01
5.392765763437868953e-01
-1.731159070282494716e-01
-7.698710733887114133e-01
-8.523706355141960067e-01
-3.655068440211511338e-01
3.655068440211414749e-01
8.523706355141966728e-01
7.698710733887103030e-01
1.731159070282722590e-01
-5.392765763437784576e-01
-8.914451063768011885e-01
-6.481494636824931543e-01
2.809463700942770384e-02
6.855721870015579755e-01
8.851037880423691107e-01
4.934070664928938976e-01
-2.278738645220029502e-01
-7.969404625923961483e-01
-8.336697469281686423e-01
-3.135274273577344228e-01
4.160437721554000601e-01
8.677076066129527643e-01
7.397633547789985720e-01
1.176747401386129405e-01
-5.830178079198751195e-01
-8.942682981388949681e-01
-6.081687905415994466e-01
8.417303433121078871e-02
7.202892701066815340e-01
8.752693694219894072e-01
4.455903043668110741e-01
-2.817325079781295427e-01
-8.208646918776946189e-01
-8.116787447184850013e-01
-2.603106611755933164e-01
4.649387655932807339e-01
8.796201322063084138e-01
7.067361281736963541e-01
6.176916481012667548e-02
-6.244581345636214254e-01
-8.935622214805570840e-01
-5.657879530303301374e-01
1.399192391414901815e-01
7.521637005315378044e-01
8.619806624730395050e-01
3.960150008802165167e-01
-3.344792819366182446e-01
-8.415493432415671604e-01
-7.864844173241531955e-01
-2.060665677384085348e-01
5.119988581336711864e-01
8.880611989980570220e-01
6.709197369475252692e-01
5.619814807756586331e-03
-6.634340102380110737e-01
-8.893296629637836848e-01
-5.211742089523587751e-01
1.951132466379230657e-01
7.810696844613251866e-01
8.452901116508176882e-01
3.448768071072145225e-01
-3.859060189783400929e-01
-8.589127838149801519e-01
-7.581861952451829367e-01
-1.510092237012446159e-01
5.570383250910572182e-01
8.929974939539324641e-01
6.324555320336948672e-01
-5.055171403618517745e-02
-6.997916149681611131e-01
-8.815873265633691336e-01
-4.745036283735201144e-01
2.495372312886146027e-01
8.068931431833381573e-01
8.252635869342200836e-01
2.923775421357628357e-01
-4.358097612668447862e-01
-8.728864880306019813e-01
-7.268957586359172662e-01
-9.535591524768405325e-02
5.998794162658924733e-01
8.944095357729180407e-01
5.914953140763384853e-01
-1.065237383597327503e-01
-7.333874618984106419e-01
-8.703657677439485818e-01
-4.259603987535793834e-01
3.029764064901511178e-01
8.295321633036072395e-01
8.019801238670721810e-01
2.387243965801183199e-01
-4.839935615301921845e-01
-8.834153080618796228e-01
-6.927365965544002302e-01
-3.932628056061480970e-02
6.403530574435634115e-01
8.922917517710577950e-01
5.482007343428638713e-01
-1.620753621540160783e-01
-7.640889635694224635e-01
-8.557092728715326446e-01
-3.757360980425311081e-01
3.552198722320007440e-01
8.488973989525145925e-01
7.755316116408889071e-01
1.841291148939749878e-01
-5.302672603218043790e-01
-8.904576914662910569e-01
-6.558435196075134144e-01
1.685855698938394653e-02
6.782995176529895698e-01
8.866524998742802977e-01
5.027426567600312701e-01
-2.169873485390674817e-01
-7.917749551802544250e-01
-8.376756844354799059e-01
-3.240289386100029256e-01
4.060614474226967308e-01
8.649124243920953692e-01
7.460224304502516279e-01
1.288071597119363754e-01
-5.744482364929732743e-01
-8.939858451739089995e-01
-6.163621279151558774e-01
7.297686151686229306e-02
7.135690395518288209e-01
8.775140356334931724e-01
4.553004835922178639e-01
-2.710429849915253486e-01
-8.163361727705602533e-01
-8.163361727705792381e-01
-2.710429849915454437e-01
4.553004835922216942e-01
8.775140356334941716e-01
7.135690395518413665e-01
7.297686151685793543e-02
-6.163621279151590970e-01
-8.939858451739096656e-01
-5.744482364929893725e-01
1.288071597118903844e-01
7.460224304502399706e-01
8.649124243920942590e-01
4.060614474226927895e-01
-3.240289386100070335e-01
-8.376756844354725784e-01
-7.917749551802643060e-01
-2.169873485390878820e-01
5.027426567600138396e-01
8.866524998742775221e-01
6.782995176530198789e-01
1.685855698937956115e-02
-6.558435196075163010e-01
-8.904576914662907239e-01
-5.302672603218008263e-01
1.841291148939295241e-01
7.755316116408784710e-01
8.488973989525212538e-01
3.552198722320200064e-01
-3.757360980425119568e-01
-8.557092728715338659e-01
-7.640889635694201321e-01
-1.620753621540118039e-01
5.482007343428673130e-01
8.922917517710544644e-01
6.403530574435779554e-01
-3.932628056059379873e-02
-6.927365965543869075e-01
-8.834153080618789566e-01
-4.839935615302098926e-01
2.387243965801225387e-01
8.019801238670740684e-01
8.295321633036150111e-01
3.029764064901708798e-01
-4.259603987535385272e-01
-8.703657677439438078e-01
-7.333874618984227434e-01
-1.065237383597283927e-01
5.914953140763417050e-01
8.944095357729177076e-01
5.998794162658891427e-01
-9.535591524766312554e-02
-7.268957586359050538e-01
-8.728864880306120844e-01
-4.358097612668853649e-01
2.923775421357669990e-01
8.252635869342119790e-01
8.068931431833361589e-01
2.495372312886591781e-01
-4.745036283735023508e-01
-8.815873265633699107e-01
-6.997916149681742137e-01
-5.055171403618079901e-02
6.324555320336621156e-01
8.929974939539321310e-01
5.570383250910736495e-01
-1.510092237012489735e-01
-7.581861952451987019e-01
-8.589127838149859251e-01
-3.859060189783361516e-01
3.448768071071950936e-01
8.452901116508192425e-01
7.810696844613107537e-01
1.951132466379683628e-01
-5.211742089523416777e-01
-8.893296629637786888e-01
-6.634340102380252846e-01
5.619814807760974314e-03
6.709197369474945161e-01
8.880611989980595755e-01
5.119988581337092670e-01
-2.060665677384128092e-01
-7.864844173241554159e-01
-8.415493432415742658e-01
-3.344792819366141368e-01
3.960150008801976429e-01
8.619806624730406153e-01
7.521637005315353619e-01
1.399192391415109704e-01
-5.657879530303335791e-01
-8.935622214805549746e-01
-6.244581345636364134e-01
6.176916481010568533e-02
7.067361281736679324e-01
8.796201322063122996e-01
4.649387655933203689e-01
-2.603106611755732214e-01
-8.116787447184868887e-01
-8.208646918777130486e-01
-2.817325079781374253e-01
4.455903043668149044e-01
8.752693694219877418e-01
7.202892701066714309e-01
8.417303433123171641e-02
-6.081687905416027773e-01
-8.942682981388944130e-01
-5.830178079198717889e-01
1.176747401386425140e-01
7.397633547789652653e-01
8.677076066129608689e-01
4.160437721554074431e-01
-3.135274273577027815e-01
-8.336697469281610928e-01
-7.969404625924171315e-01
-2.278738645220109993e-01
4.934070664928975058e-01
8.851037880423660020e-01
6.855721870015631936e-01
2.809463700944872522e-02
-6.481494636824963740e-01
-8.914451063767997452e-01
-5.392765763437851190e-01
1.731159070282765611e-01
7.698710733887060842e-01
8.523706355141914548e-01
3.655068440211606817e-01
-3.655068440211086678e-01
-8.523706355141896784e-01
-7.698710733887350610e-01
-1.731159070282825563e-01
5.392765763437802340e-01
8.914451063767993011e-01
6.481494636825004818e-01
-2.809463700939178118e-02
-6.855721870015594188e-01
-8.851037880423668902e-01
-4.934070664929025574e-01
2.278738645220050874e-01
7.969404625923913743e-01
8.336697469281633133e-01
3.135274273577085546e-01
-4.160437721554020030e-01
-8.677076066129469911e-01
-7.397633547790259945e-01
-1.176747401386485647e-01
5.830178079198671259e-01
8.942682981388943020e-01
6.081687905416072182e-01
-8.417303433117501177e-02
-7.202892701066677672e-01
-8.752693694219890741e-01
-4.455903043668202335e-01
2.817325079781315966e-01
8.208646918777107171e-01
8.116787447184894422e-01
2.603106611755790500e-01
-4.649387655932716301e-01
-8.796201322063111894e-01
-7.067361281736717071e-01
-6.176916481011180543e-02
6.244581345635955572e-01
8.935622214805596375e-01
5.657879530303382420e-01
-1.399192391415049197e-01
-7.521637005315320312e-01
-8.619806624730421696e-01
-3.960150008802487132e-01
3.344792819366085301e-01
8.415493432415721564e-01
7.864844173241583025e-01
2.060665677384187766e-01
-5.119988581336626376e-01
-8.880611989980586873e-01
-6.709197369474985129e-01
-5.619814807767103959e-03
6.634340102380211768e-01
8.893296629637847950e-01
5.211742089523878629e-01
-1.951132466379127961e-01
-7.810696844613076451e-01
-8.452901116508211299e-01
-3.448768071072477182e-01
3.859060189783306005e-01
8.589127838149843708e-01
7.581861952452020326e-01
1.510092237012549965e-01
-5.570383250910291295e-01
-8.929974939539317980e-01
-6.324555320336664455e-01
5.055171403617468584e-02
6.997916149681703279e-01
8.815873265633709099e-01
4.745036283735075688e-01
-2.495372312886533217e-01
-8.068931431833115120e-01
-8.252635869342339614e-01
-2.923775421358207893e-01
4.358097612668355714e-01
8.728864880306052010e-01
7.268957586359382494e-01
9.535591524769451710e-02
-5.998794162658657170e-01
-8.944095357729180407e-01
-5.914953140763463679e-01
1.065237383596970566e-01
7.333874618984193017e-01
8.703657677439393670e-01
4.259603987535662828e-01
-3.029764064901651621e-01
-8.295321633036032427e-01
-8.019801238670655197e-01
-2.387243965800794621e-01
4.839935615301620420e-01
8.834153080618739606e-01
6.927365965544229898e-01
3.932628056062531519e-02
-6.403530574435736256e-01
-8.922917517710584612e-01
-5.482007343428720869e-01
1.620753621539807732e-01
7.640889635694169124e-01
8.557092728715282037e-01
3.757360980425406005e-01
-3.552198722320143998e-01
-8.488973989525112618e-01
-7.755316116408815796e-01
-1.841291148939355471e-01
5.302672603217959413e-01
8.904576914662925002e-01
6.558435196075551588e-01
-1.685855698934801694e-02
-6.782995176529993397e-01
-8.866524998742850716e-01
-5.027426567600400409e-01
2.169873485390325651e-01
7.917749551802495400e-01
8.376756844354747988e-01
3.240289386100364544e-01
-4.060614474226872939e-01
-8.649124243920862654e-01
-7.460224304502433013e-01
-1.288071597118964629e-01
5.744482364929651697e-01
8.939858451739095546e-01
6.163621279151635379e-01
-7.297686151687715617e-02
-7.135690395518530238e-01
-8.775140356335051628e-01
-4.553004835922488946e-01
2.710429849914911538e-01
8.163361727705559234e-01
8.163361727705731319e-01
2.710429849915796940e-01
-4.553004835922126459e-01
-8.775140356334871772e-01
-7.135690395518478057e-01
-7.297686151686839928e-02
6.163621279151331178e-01
8.939858451739091105e-01
5.744482364929585083e-01
-1.288071597119051503e-01
-7.460224304502481862e-01
-8.649124243920969235e-01
-4.060614474226795223e-01
3.240289386099972635e-01
8.376756844354599219e-01
7.917749551802690799e-01
2.169873485391227430e-01
-5.027426567600052909e-01
-8.866524998742795205e-01
-6.782995176530266512e-01
-1.685855698939007705e-02
6.558435196074918760e-01
8.904576914662916121e-01
5.302672603217888359e-01
-1.841291148939441513e-01
-7.755316116408859095e-01
-8.488973989525244734e-01
-3.552198722320063506e-01
3.757360980425485941e-01
8.557092728715308683e-01
7.640889635694387838e-01
1.620753621540721168e-01
-5.482007343428390023e-01
-8.922917517710555746e-01
-6.403530574436031575e-01
3.932628056058329324e-02
6.927365965543641479e-01
8.834153080618805109e-01
4.839935615301974026e-01
-2.387243965800878720e-01
-8.019801238670694055e-01
-8.295321633036190079e-01
-3.029764064901568354e-01
4.259603987535739988e-01
8.703657677439413654e-01
7.333874618984143057e-01
1.065237383597388288e-01
-5.914953140763528072e-01
-8.944095357729177076e-01
-5.998794162659346618e-01
9.535591524765268945e-02
7.268957586358841816e-01
8.728864880306143048e-01
4.358097612668723753e-01
-2.923775421357330262e-01
-8.252635869342177521e-01
-8.068931431833517021e-01
-2.495372312886448840e-01
4.745036283735149518e-01
8.815873265633638045e-01
6.997916149681648879e-01
5.055171403616591508e-02
-6.324555320336726627e-01
-8.929974939539313539e-01
-5.570383250910619921e-01
1.510092237012135574e-01
7.581861952451797171e-01
8.589127838149961391e-01
3.859060189783685701e-01
-3.448768071071620089e-01
-8.452901116508073631e-01
-7.810696844613280732e-01
-1.951132466379538188e-01
5.211742089523537791e-01
8.893296629637803541e-01
6.634340102380152926e-01
-5.619814807775879058e-03
-6.709197369475043971e-01
-8.880611989980577992e-01
-5.119988581336970546e-01
2.060665677384272976e-01
7.864844173241625214e-01
8.415493432415864783e-01
3.344792819366475545e-01
-3.960150008801653909e-01
-8.619806624730309563e-01
-7.521637005315549018e-01
-1.399192391415464698e-01
5.657879530303057125e-01
8.935622214805556407e-01
6.244581345636257552e-01
-6.176916481012054844e-02
-7.067361281736771472e-01
-8.796201322063096351e-01
-4.649387655933076013e-01
2.603106611755874322e-01
8.116787447184931059e-01
8.208646918777071644e-01
2.817325079781232700e-01
-4.455903043667837071e-01
-8.752693694219804144e-01
-7.202892701066926362e-01
-8.417303433126750722e-02
6.081687905415763540e-01
8.942682981388960783e-01
5.830178079198991004e-01
-1.176747401386068897e-01
-7.397633547789737030e-01
-8.677076066129449927e-01
-4.160437721554391954e-01
3.135274273577168258e-01
8.336697469281663109e-01
7.969404625924335628e-01
2.278738645220457493e-01
-4.934070664928675298e-01
-8.851037880423682225e-01
-6.855721870015538677e-01
-2.809463700948464440e-02
6.481494636824715050e-01
8.914451063768027428e-01
5.392765763437732396e-01
-1.731159070282911883e-01
-7.698710733886876545e-01
-8.523706355142024460e-01
-3.655068440211470815e-01
3.655068440211687308e-01
8.523706355141789093e-01
7.698710733887275115e-01
1.731159070283677104e-01
-5.392765763437109561e-01
-8.914451063767964145e-01
-6.481494636825252398e-01
2.809463700940667899e-02
6.855721870015035746e-01
8.851037880423794357e-01
4.934070664929326444e-01
-2.278738645219703374e-01
-7.969404625923981467e-01
-8.336697469281578732e-01
-3.135274273577898230e-01
4.160437721553701396e-01
8.677076066129506549e-01
7.397633547789889130e-01
1.176747401385833947e-01
-5.830178079198399255e-01
-8.942682981388947461e-01
-6.081687905415963380e-01
8.417303433124045942e-02
7.202892701067066250e-01
8.752693694219964016e-01
4.455903043668072439e-01
-2.817325079781457520e-01
-8.208646918777164903e-01
-8.116787447184616866e-01
-2.603106611756134670e-01
4.649387655932843977e-01
8.796201322063139649e-01
7.067361281736626033e-01
6.176916481004621901e-02
-6.244581345636062153e-01
-8.935622214805567509e-01
-5.657879530303662197e-01
1.399192391414694203e-01
7.521637005315401359e-01
8.619806624730652622e-01
3.960150008802809096e-01
-3.344792819365752234e-01
-8.415493432415599440e-01
-7.864844173241511971e-01
-2.060665677385032091e-01
5.119988581336331057e-01
8.880611989980544685e-01
6.709197369475222716e-01
5.619814807752199215e-03
-6.634340102379630011e-01
-8.893296629637886808e-01
-5.211742089523758725e-01
1.951132466379273400e-01
7.810696844613396195e-01
8.452901116508328982e-01
3.448768071072339514e-01
-3.859060189783440897e-01
-8.589127838149884786e-01
-7.581861952451671716e-01
-1.510092237012904404e-01
5.570383250910406758e-01
8.929974939539325751e-01
6.324555320336557873e-01
-5.055171403624031390e-02
-6.997916149681480125e-01
-8.815873265633683564e-01
-4.745036283734949123e-01
2.495372312886676158e-01
8.068931431833619161e-01
8.252635869342282993e-01
2.923775421358547622e-01
-4.358097612668042631e-01
-8.728864880305974294e-01
-7.268957586359294787e-01
-9.535591524778079531e-02
5.998794162658390716e-01
8.944095357729182627e-01
5.914953140763733463e-01
-1.065237383597118642e-01
-7.333874618983695637e-01
-8.703657677439592399e-01
-4.259603987535978686e-01
3.029764064901313003e-01
8.295321633036087938e-01
8.019801238671040444e-01
2.387243965801630619e-01
-4.839935615301744765e-01
-8.834153080618762921e-01
-6.927365965543813564e-01
-3.932628056066121702e-02
6.403530574435487566e-01
8.922917517710575730e-01
5.482007343428604296e-01
-1.620753621540453882e-01
-7.640889635693981496e-01
-8.557092728715386398e-01
-3.757360980425270558e-01
3.552198722320281110e-01
8.488973989525319119e-01
7.755316116408994542e-01
1.841291148939706857e-01
-5.302672603218079317e-01
-8.904576914662938325e-01
-6.558435196074758888e-01
1.685855698936291822e-02
6.782995176529427184e-01
8.866524998742897345e-01
5.027426567600696838e-01
-2.169873485390470813e-01
-7.917749551802091279e-01
-8.376756844355051079e-01
-3.240289386100699831e-01
4.060614474226553194e-01
8.649124243920900401e-01
7.460224304502911519e-01
1.288071597119823108e-01
-5.744482364929377471e-01
-8.939858451739082223e-01
-6.163621279151527688e-01
7.297686151679066979e-02
7.135690395518007323e-01
8.775140356335021652e-01
4.553004835922360716e-01
-2.710429849915537703e-01
-8.163361727705829018e-01
-8.163361727705877868e-01
-2.710429849915655387e-01
4.553004835922254134e-01
8.775140356334998337e-01
7.135690395518080598e-01
7.297686151690423173e-02
-6.163621279151438870e-01
-8.939858451739086664e-01
-5.744482364929470730e-01
1.288071597119702094e-01
7.460224304502283132e-01
8.649124243920931487e-01
4.060614474226661996e-01
-3.240289386100585478e-01
-8.376756844355008891e-01
-7.917749551803094921e-01
-2.169873485391576318e-01
5.027426567599754259e-01
8.866524998742747465e-01
6.782995176530169923e-01
1.685855698947684098e-02
-6.558435196074674511e-01
-8.904576914662949427e-01
-5.302672603218177017e-01
1.841291148939587230e-01
7.755316116408427218e-01
8.488973989525359087e-01
3.552198722320393798e-01
-3.757360980425159536e-01
-8.557092728715351981e-01
-7.640889635694574356e-01
-1.620753621540574618e-01
5.482007343428506596e-01
8.922917517710565738e-01
6.403530574435571943e-01
-3.932628056054738447e-02
-6.927365965543735848e-01
-8.834153080618782905e-01
-4.839935615301848570e-01
2.387243965801512380e-01
8.019801238670534183e-01
8.295321633036134568e-01
3.029764064901428466e-01
-4.259603987535870995e-01
-8.703657677439564644e-01
-7.333874618984348448e-01
-1.065237383597240350e-01
5.914953140763641315e-01
8.944095357729181517e-01
5.998794162658481754e-01
-9.535591524756638349e-02
-7.268957586358631984e-01
-8.728864880306221874e-01
-4.358097612669037391e-01
2.923775421357470705e-01
8.252635869341842234e-01
8.068931431833671342e-01
2.495372312886793842e-01
-4.745036283734844762e-01
-8.815873265633662470e-01
-6.997916149682188447e-01
-5.055171403625255411e-02
6.324555320336472386e-01
8.929974939539332413e-01
5.570383250910503348e-01
-1.510092237011781136e-01
-7.581861952451607323e-01
-8.589127838149919203e-01
-3.859060189783550809e-01
3.448768071072225716e-01
8.452901116507955948e-01
7.810696844613456147e-01
1.951132466379393027e-01
-5.211742089523658805e-01
-8.893296629637872375e-01
-6.634340102380393844e-01
5.619814807739941659e-03
6.709197369475141670e-01
8.880611989980559118e-01
5.119988581336430977e-01
-2.060665677383923255e-01
-7.864844173241454239e-01
-8.415493432415641628e-01
-3.344792819365866032e-01
3.960150008802699184e-01
8.619806624730077527e-01
7.521637005316018643e-01
1.399192391415819414e-01
-5.657879530302779569e-01
-8.935622214805563068e-01
-6.244581345636878167e-01
6.176916481003398574e-02
7.067361281736550538e-01
8.796201322063159633e-01
4.649387655932948893e-01
-2.603106611755044431e-01
-8.116787447184568016e-01
-8.208646918777213752e-01
-2.817325079781573538e-01
4.455903043667966412e-01
8.752693694219728648e-01
7.202892701067140635e-01
8.417303433125265799e-02
-6.081687905415872342e-01
-8.942682981388948571e-01
-5.830178079198491403e-01
1.176747401385712655e-01
7.397633547789821407e-01
8.677076066129535414e-01
4.160437721553810753e-01
-3.135274273577783877e-01
-8.336697469281534323e-01
-7.969404625924036978e-01
-2.278738645219821890e-01
4.934070664929223748e-01
8.851037880423775484e-01
6.855721870015768493e-01
2.809463700941892961e-02
-6.481494636825168021e-01
-8.914451063767974137e-01
-5.392765763438018833e-01
1.731159070281561574e-01
7.698710733886694468e-01
8.523706355142134372e-01
3.655068440211799441e-01
-3.655068440211359238e-01
-8.523706355141679181e-01
-7.698710733887457192e-01
-1.731159070283032064e-01
5.392765763437634696e-01
8.914451063768016326e-01
6.481494636825501088e-01
-2.809463700937075981e-02
-6.855721870015457631e-01
-8.851037880423699988e-01
-4.934070664928777994e-01
2.278738645219355596e-01
7.969404625923817154e-01
8.336697469281708628e-01
3.135274273577282611e-01
-4.160437721554283708e-01
-8.677076066129419951e-01
-7.397633547790092301e-01
-1.176747401386190328e-01
5.830178079198898855e-01
8.942682981388958563e-01
6.081687905416226503e-01
-8.417303433120469636e-02
-7.202892701066854197e-01
-8.752693694219828568e-01
-4.455903043667502894e-01
2.817325079781116681e-01
8.208646918777022794e-01
8.116787447184770077e-01
2.603106611756478284e-01
-4.649387655932536445e-01
-8.796201322062889849e-01
-7.067361281737469803e-01
-6.176916481018349114e-02
6.244581345635805691e-01
8.935622214805584163e-01
5.657879530303939752e-01
-1.399192391414339209e-01
-7.521637005315207070e-01
-8.619806624730477207e-01
-3.960150008802219013e-01
3.344792819365418612e-01
8.415493432415478425e-01
7.864844173241682945e-01
2.060665677384392325e-01
-5.119988581336870626e-01
-8.880611989980501386e-01
-6.709197369475461414e-01
-5.619814807788135747e-03
6.634340102380070769e-01
8.893296629637815753e-01
5.211742089524049604e-01
-1.951132466378922847e-01
-7.810696844613223000e-01
-8.452901116508114709e-01
-3.448768071071732777e-01
3.859060189783116712e-01
8.589127838149784866e-01
7.581861952451862674e-01
1.510092237012256033e-01
-5.570383250910921902e-01
-8.929974939539306877e-01
-6.324555320336812114e-01
5.055171403620443982e-02
6.997916149681255860e-01
8.815873265633744627e-01
4.745036283736115412e-01
-2.495372312885354715e-01
-8.068931431833025192e-01
-8.252635869342421771e-01
-2.923775421357926452e-01
4.358097612667728438e-01
8.728864880305895468e-01
7.268957586359504619e-01
9.535591524771541705e-02
-5.998794162658878104e-01
-8.944095357729184848e-01
-5.914953140764002137e-01
1.065237383596761983e-01
7.333874618984072002e-01
8.703657677439442519e-01
4.259603987536295100e-01
-3.029764064900975495e-01
-8.295321633035952491e-01
-8.019801238670748456e-01
-2.387243965800997236e-01
4.839935615302298766e-01
8.834153080618707410e-01
6.927365965544041160e-01
3.932628056059553345e-02
-6.403530574435944978e-01
-8.922917517710529101e-01
-5.482007343428888513e-01
1.620753621540100831e-01
7.640889635694324555e-01
8.557092728715196550e-01
3.757360980424673813e-01
-3.552198722319951374e-01
-8.488973989525206987e-01
-7.755316116409173288e-01
-1.841291148940058520e-01
5.302672603217790659e-01
8.904576914662809539e-01
6.558435196075694806e-01
-1.685855698932698862e-02
-6.782995176529855730e-01
-8.866524998742810748e-01
-5.027426567600994378e-01
2.169873485390122203e-01
7.917749551802398811e-01
8.376756844354821263e-01
3.240289386100086988e-01
-4.060614474226232340e-01
-8.649124243920808253e-01
-7.460224304502549586e-01
-1.288071597119172795e-01
5.744482364929880402e-01
8.939858451739071121e-01
6.163621279151788590e-01
-7.297686151685618683e-02
-7.135690395518402562e-01
-8.775140356334896197e-01
-4.553004835922669358e-01
2.710429849915195755e-01
8.163361727705681359e-01
