9.827776914785412155e-01
9.740544871143710370e-01
9.566855061655161752e-01
9.308249169364957165e-01
8.967022598480766105e-01
8.546204100202496878e-01
8.049528889312225211e-01
7.481405490143357984e-01
6.846876606206555582e-01
6.151574360796375762e-01
5.401670305866196342e-01
4.603820642896166992e-01
3.765107141977649396e-01
2.892974283520545753e-01
1.995163180518153556e-01
1.079642867880220847e-01
1.545395687149169958e-02
-7.719354346027477998e-02
-1.691558684354607101e-01
-2.596167539472197805e-01
-3.477732627716764169e-01
-4.328429114955671397e-01
-5.140706158944111648e-01
-5.907353931135435055e-01
-6.621567611629731731e-01
-7.277007789237005531e-01
-7.867856730539687371e-01
-8.388870018506309201e-01
-8.835423102308346266e-01
-9.203552345160765924e-01
-9.489990205842724347e-01
-9.692194241624778606e-01
-9.808369675170520718e-01
-9.837485325107296896e-01
-9.779282758865057712e-01
-9.634278586542155409e-01
-9.403759875437527338e-01
-9.089772725950242549e-01
-8.695104110247510176e-01
-8.223257134902410836e-01
-7.678419947071968288e-01
-7.065428560206482578e-01
-6.389723929251779344e-01
-5.657303656347953957e-01
-4.874668755688126298e-01
-4.048765950056297802e-01
-3.186926011224074928e-01
-2.296798691501504286e-01
-1.386284823993959026e-01
-4.634661942482175973e-02
4.634661942482227320e-02
1.386284823993955417e-01
2.296798691501500955e-01
3.186926011224071043e-01
4.048765950056295027e-01
4.874668755688122967e-01
5.657303656347950627e-01
6.389723929251776013e-01
7.065428560206478137e-01
7.678419947071967178e-01
8.223257134902410836e-01
8.695104110247509066e-01
9.089772725950242549e-01
9.403759875437524007e-01
9.634278586542154299e-01
9.779282758865056602e-01
9.837485325107296896e-01
9.808369675170521829e-01
9.692194241624778606e-01
9.489990205842726567e-01
9.203552345160764814e-01
8.835423102308348486e-01
8.388870018506309201e-01
7.867856730539691812e-01
7.277007789237008861e-01
6.621567611629738392e-01
5.907353931135439495e-01
5.140706158944119419e-01
4.328429114955674728e-01
3.477732627716765834e-01
2.596167539472195029e-01
1.691558684354608488e-01
7.719354346027471059e-02
-1.545395687149133876e-02
-1.079642867880219459e-01
-1.995163180518147727e-01
-2.892974283520534096e-01
-3.765107141977649952e-01
-4.603820642896163662e-01
-5.401670305866188571e-01
-6.151574360796377983e-01
-6.846876606206553362e-01
-7.481405490143352432e-01
-8.049528889312217439e-01
-8.546204100202496878e-01
-8.967022598480770545e-01
-9.308249169364953834e-01
-9.566855061655163972e-01
-9.740544871143710370e-01
-9.827776914785412155e-01
-9.827776914785412155e-01
-9.740544871143711481e-01
-9.566855061655165082e-01
-9.308249169364956055e-01
-8.967022598480766105e-01
-8.546204100202500209e-01
-8.049528889312221880e-01
-7.481405490143357984e-01
-6.846876606206557803e-01
-6.151574360796383534e-01
-5.401670305866195232e-01
-4.603820642896169768e-01
-3.765107141977657168e-01
-2.892974283520540757e-01
-1.995163180518154666e-01
-1.079642867880209189e-01
-1.545395687149293470e-02
7.719354346027484937e-02
1.691558684354601272e-01
2.596167539472205021e-01
3.477732627716750846e-01
4.328429114955668622e-01
5.140706158944106097e-01
5.907353931135439495e-01
6.621567611629732841e-01
7.277007789237004420e-01
7.867856730539691812e-01
8.388870018506309201e-01
8.835423102308345156e-01
9.203552345160762593e-01
9.489990205842726567e-01
9.692194241624778606e-01
9.808369675170518498e-01
9.837485325107296896e-01
9.779282758865057712e-01
9.634278586542152079e-01
9.403759875437530669e-01
9.089772725950242549e-01
8.695104110247511287e-01
8.223257134902406396e-01
7.678419947071976059e-01
7.065428560206482578e-01
6.389723929251789336e-01
5.657303656347948406e-01
4.874668755688129074e-01
4.048765950056301688e-01
3.186926011224069932e-01
2.296798691501499290e-01
1.386284823993962634e-01
4.634661942482300179e-02
-4.634661942482191238e-02
-1.386284823993934878e-01
-2.296798691501489020e-01
-3.186926011224076039e-01
-4.048765950056292251e-01
-4.874668755688135180e-01
-5.657303656347940635e-01
-6.389723929251780454e-01
-7.065428560206474806e-01
-7.678419947071970508e-01
-8.223257134902400844e-01
-8.695104110247506846e-01
-9.089772725950245880e-01
-9.403759875437520677e-01
-9.634278586542154299e-01
-9.779282758865056602e-01
-9.837485325107296896e-01
-9.808369675170521829e-01
-9.692194241624779716e-01
-9.489990205842729898e-01
-9.203552345160767034e-01
-8.835423102308357368e-01
-8.388870018506315862e-01
-7.867856730539688481e-01
-7.277007789237022184e-01
-6.621567611629740613e-01
-5.907353931135435055e-01
-5.140706158944129411e-01
-4.328429114955678614e-01
-3.477732627716793590e-01
-2.596167539472181707e-01
-1.691558684354611819e-01
-7.719354346027768043e-02
1.545395687149359910e-02
1.079642867880215851e-01
1.995163180518127188e-01
2.892974283520530765e-01
3.765107141977647176e-01
4.603820642896175874e-01
5.401670305866187460e-01
6.151574360796348007e-01
6.846876606206563354e-01
7.481405490143350212e-01
8.049528889312205227e-01
8.546204100202503540e-01
8.967022598480762774e-01
9.308249169364958275e-01
9.566855061655157311e-01
9.740544871143708150e-01
9.827776914785412155e-01
9.827776914785412155e-01
9.740544871143715921e-01
9.566855061655160641e-01
9.308249169364961606e-01
8.967022598480767215e-01
8.546204100202492437e-01
8.049528889312234092e-01
7.481405490143360204e-01
6.846876606206573346e-01
6.151574360796386864e-01
5.401670305866198563e-01
4.603820642896189197e-01
3.765107141977627747e-01
2.892974283520544643e-01
1.995163180518175483e-01
1.079642867880230284e-01
1.545395687149155040e-02
-7.719354346027275382e-02
-1.691558684354597941e-01
-2.596167539472167829e-01
-3.477732627716779712e-01
-4.328429114955664736e-01
-5.140706158944087223e-01
-5.907353931135451708e-01
-6.621567611629730621e-01
-7.277007789236989987e-01
-7.867856730539679599e-01
-8.388870018506309201e-01
-8.835423102308351817e-01
-9.203552345160761483e-01
-9.489990205842715465e-01
-9.692194241624779716e-01
-9.808369675170518498e-01
-9.837485325107296896e-01
-9.779282758865056602e-01
-9.634278586542155409e-01
-9.403759875437525118e-01
-9.089772725950250321e-01
-8.695104110247513507e-01
-8.223257134902408616e-01
-7.678419947071979390e-01
-7.065428560206485908e-01
-6.389723929251778234e-01
-5.657303656347966170e-01
-4.874668755688131849e-01
-4.048765950056288920e-01
-3.186926011224089361e-01
-2.296798691501502898e-01
-1.386284823993983728e-01
-4.634661942482336261e-02
4.634661942482155156e-02
1.386284823993931270e-01
2.296798691501519274e-01
3.186926011224072708e-01
4.048765950056272822e-01
4.874668755688116306e-01
5.657303656347951737e-01
6.389723929251763801e-01
7.065428560206473696e-01
7.678419947071946083e-01
8.223257134902417498e-01
8.695104110247505735e-01
9.089772725950230337e-01
9.403759875437530669e-01
9.634278586542152079e-01
9.779282758865055492e-01
9.837485325107296896e-01
9.808369675170520718e-01
9.692194241624777495e-01
9.489990205842731008e-01
9.203552345160779247e-01
8.835423102308344045e-01
8.388870018506316972e-01
7.867856730539711796e-01
7.277007789237002200e-01
6.621567611629743944e-01
5.907353931135437275e-01
5.140706158944132742e-01
4.328429114955681389e-01
3.477732627716764169e-01
2.596167539472218899e-01
1.691558684354615427e-01
7.719354346027455793e-02
-1.545395687148974108e-02
-1.079642867880212243e-01
-1.995163180518157720e-01
-2.892974283520526879e-01
-3.765107141977643290e-01
-4.603820642896141457e-01
-5.401670305866183019e-01
-6.151574360796372432e-01
-6.846876606206535598e-01
-7.481405490143371306e-01
-8.049528889312222990e-01
-8.546204100202484666e-01
-8.967022598480761664e-01
-9.308249169364957165e-01
-9.566855061655157311e-01
-9.740544871143708150e-01
-9.827776914785411044e-01
-9.827776914785411044e-01
-9.740544871143711481e-01
-9.566855061655169523e-01
-9.308249169364952724e-01
-8.967022598480770545e-01
-8.546204100202512421e-01
-8.049528889312235203e-01
-7.481405490143362425e-01
-6.846876606206551141e-01
-6.151574360796389085e-01
-5.401670305866200783e-01
-4.603820642896160886e-01
-3.765107141977663274e-01
-2.892974283520581280e-01
-1.995163180518144674e-01
-1.079642867880233753e-01
-1.545395687149191122e-02
7.719354346027239300e-02
1.691558684354594333e-01
2.596167539472197805e-01
3.477732627716743630e-01
4.328429114955661405e-01
5.140706158944114978e-01
5.907353931135420622e-01
6.621567611629727290e-01
7.277007789237009971e-01
7.867856730539678489e-01
8.388870018506306980e-01
8.835423102308335164e-01
9.203552345160759263e-01
9.489990205842724347e-01
9.692194241624774165e-01
9.808369675170521829e-01
9.837485325107296896e-01
9.779282758865061043e-01
9.634278586542156519e-01
9.403759875437527338e-01
9.089772725950251431e-01
8.695104110247514617e-01
8.223257134902429710e-01
7.678419947071980500e-01
7.065428560206511444e-01
6.389723929251780454e-01
5.657303656347968390e-01
4.874668755688104649e-01
4.048765950056292251e-01
3.186926011224093247e-01
2.296798691501472367e-01
1.386284823994022031e-01
4.634661942482372343e-02
-4.634661942482468100e-02
-1.386284823993962079e-01
-2.296798691501481804e-01
-3.186926011224036071e-01
-4.048765950056237850e-01
-4.874668755688112975e-01
-5.657303656347977272e-01
-6.389723929251788226e-01
-7.065428560206470365e-01
-7.678419947071942753e-01
-8.223257134902415277e-01
-8.695104110247502405e-01
-9.089772725950229226e-01
-9.403759875437528448e-01
-9.634278586542152079e-01
-9.779282758865053271e-01
-9.837485325107296896e-01
-9.808369675170521829e-01
-9.692194241624783047e-01
-9.489990205842739890e-01
-9.203552345160769255e-01
-8.835423102308329613e-01
-8.388870018506301429e-01
-7.867856730539692922e-01
-7.277007789237028845e-01
-6.621567611629772809e-01
-5.907353931135439495e-01
-5.140706158944134962e-01
-4.328429114955653079e-01
-3.477732627716767499e-01
-2.596167539472222785e-01
-1.691558684354653452e-01
-7.719354346027490488e-02
1.545395687148938373e-02
1.079642867880173940e-01
1.995163180518154111e-01
2.892974283520523548e-01
3.765107141977672156e-01
4.603820642896169768e-01
5.401670305866180799e-01
6.151574360796342456e-01
6.846876606206507843e-01
7.481405490143391290e-01
8.049528889312241864e-01
8.546204100202500209e-01
8.967022598480758333e-01
9.308249169364943842e-01
9.566855061655148429e-01
9.740544871143708150e-01
9.827776914785413265e-01
9.827776914785411044e-01
9.740544871143711481e-01
9.566855061655170633e-01
9.308249169364953834e-01
8.967022598480770545e-01
8.546204100202513532e-01
8.049528889312258517e-01
7.481405490143363535e-01
6.846876606206527827e-01
6.151574360796364660e-01
5.401670305866204114e-01
4.603820642896194748e-01
3.765107141977698801e-01
2.892974283520617917e-01
1.995163180518114143e-01
1.079642867880202667e-01
1.545395687149227551e-02
-7.719354346027203218e-02
-1.691558684354556308e-01
-2.596167539472194474e-01
-3.477732627716740854e-01
-4.328429114955689716e-01
-5.140706158944111648e-01
-5.907353931135417291e-01
-6.621567611629750605e-01
-7.277007789237008861e-01
-7.867856730539676269e-01
-8.388870018506286996e-01
-8.835423102308348486e-01
-9.203552345160759263e-01
-9.489990205842732118e-01
-9.692194241624778606e-01
-9.808369675170518498e-01
-9.837485325107296896e-01
-9.779282758865064373e-01
-9.634278586542158740e-01
-9.403759875437516236e-01
-9.089772725950240329e-01
-8.695104110247515727e-01
-8.223257134902430820e-01
-7.678419947071961627e-01
-7.065428560206490349e-01
-6.389723929251810430e-01
-5.657303656347943965e-01
-4.874668755688138511e-01
-4.048765950056327778e-01
-3.186926011224063271e-01
-2.296798691501510115e-01
-1.386284823993990667e-01
-4.634661942482756758e-02
4.634661942482083685e-02
1.386284823993993165e-01
2.296798691501512057e-01
3.186926011224066047e-01
4.048765950056266161e-01
4.874668755688079669e-01
5.657303656347887344e-01
6.389723929251759360e-01
7.065428560206491460e-01
7.678419947071962737e-01
8.223257134902394183e-01
8.695104110247485751e-01
9.089772725950241439e-01
9.403759875437518456e-01
9.634278586542144307e-01
9.779282758865057712e-01
9.837485325107296896e-01
9.808369675170518498e-01
9.692194241624778606e-01
9.489990205842732118e-01
9.203552345160782577e-01
8.835423102308377352e-01
8.388870018506284776e-01
7.867856730539674048e-01
7.277007789237005531e-01
6.621567611629749495e-01
5.907353931135470582e-01
5.140706158944169379e-01
4.328429114955687496e-01
3.477732627716738634e-01
2.596167539472192254e-01
1.691558684354622644e-01
7.719354346027876290e-02
-1.545395687149251317e-02
-1.079642867880205026e-01
-1.995163180518116364e-01
-2.892974283520486911e-01
-3.765107141977636074e-01
-4.603820642896197524e-01
-5.401670305866206334e-01
-6.151574360796367991e-01
-6.846876606206531157e-01
-7.481405490143320236e-01
-8.049528889312178581e-01
-8.546204100202515752e-01
-8.967022598480771656e-01
-9.308249169364953834e-01
-9.566855061655156200e-01
-9.740544871143702599e-01
-9.827776914785411044e-01
-9.827776914785413265e-01
-9.740544871143708150e-01
-9.566855061655163972e-01
-9.308249169364966047e-01
-8.967022598480787199e-01
-8.546204100202499099e-01
-8.049528889312239643e-01
-7.481405490143389070e-01
-6.846876606206555582e-01
-6.151574360796394636e-01
-5.401670305866178579e-01
-4.603820642896167548e-01
-3.765107141977670491e-01
-2.892974283520587941e-01
-1.995163180518220170e-01
-1.079642867880241108e-01
-1.545395687148914086e-02
7.719354346027515468e-02
1.691558684354587117e-01
2.596167539472157837e-01
3.477732627716704217e-01
4.328429114955655299e-01
5.140706158944078341e-01
5.907353931135442826e-01
6.621567611629721739e-01
7.277007789236982216e-01
7.867856730539695143e-01
8.388870018506301429e-01
8.835423102308331833e-01
9.203552345160744830e-01
9.489990205842723237e-01
9.692194241624785267e-01
9.808369675170521829e-01
9.837485325107296896e-01
9.779282758865061043e-01
9.634278586542166511e-01
9.403759875437549542e-01
9.089772725950227006e-01
8.695104110247501294e-01
8.223257134902414167e-01
7.678419947071986051e-01
7.065428560206515884e-01
6.389723929251787116e-01
5.657303656347976162e-01
4.874668755688171817e-01
4.048765950056298912e-01
3.186926011224099908e-01
2.296798691501479583e-01
1.386284823993959858e-01
4.634661942482444508e-02
-4.634661942481697883e-02
-1.386284823993886028e-01
-2.296798691501474587e-01
-3.186926011224096023e-01
-4.048765950056294471e-01
-4.874668755688106869e-01
-5.657303656347913989e-01
-6.389723929251729384e-01
-7.065428560206465924e-01
-7.678419947071982721e-01
-8.223257134902410836e-01
-8.695104110247499074e-01
-9.089772725950225896e-01
-9.403759875437527338e-01
-9.634278586542150968e-01
-9.779282758865053271e-01
-9.837485325107296896e-01
-9.808369675170521829e-01
-9.692194241624786377e-01
-9.489990205842723237e-01
-9.203552345160772585e-01
-8.835423102308364030e-01
-8.388870018506341397e-01
-7.867856730539739551e-01
-7.277007789236985547e-01
-6.621567611629725070e-01
-5.907353931135447267e-01
-5.140706158944141624e-01
-4.328429114955721912e-01
-3.477732627716774161e-01
-2.596167539472229446e-01
-1.691558684354591835e-01
-7.719354346027562652e-02
1.545395687148865861e-02
1.079642867880166862e-01
1.995163180518146895e-01
2.892974283520516332e-01
3.765107141977601102e-01
4.603820642896163107e-01
5.401670305866175248e-01
6.151574360796391305e-01
6.846876606206552252e-01
7.481405490143340220e-01
8.049528889312197455e-01
8.546204100202462461e-01
8.967022598480756113e-01
9.308249169364964937e-01
9.566855061655161752e-01
9.740544871143707040e-01
9.827776914785411044e-01
9.827776914785415485e-01
9.740544871143713701e-01
9.566855061655172854e-01
9.308249169364956055e-01
8.967022598480774986e-01
8.546204100202516862e-01
8.049528889312222990e-01
7.481405490143369086e-01
6.846876606206584448e-01
6.151574360796425722e-01
5.401670305866210775e-01
4.603820642896139237e-01
3.765107141977641625e-01
2.892974283520557965e-01
1.995163180518189638e-01
1.079642867880279133e-01
1.545395687149998636e-02
-7.719354346027827718e-02
-1.691558684354617925e-01
-2.596167539472187258e-01
-3.477732627716734193e-01
-4.328429114955620327e-01
-5.140706158944104986e-01
-5.907353931135411740e-01
-6.621567611629693983e-01
-7.277007789237002200e-01
-7.867856730539671828e-01
-8.388870018506318083e-01
-8.835423102308344045e-01
-9.203552345160754822e-01
-9.489990205842713245e-01
-9.692194241624766393e-01
-9.808369675170518498e-01
-9.837485325107296896e-01
-9.779282758865057712e-01
-9.634278586542159850e-01
-9.403759875437539550e-01
-9.089772725950270305e-01
-8.695104110247520168e-01
-8.223257134902395293e-01
-7.678419947071966067e-01
-7.065428560206494790e-01
-6.389723929251815981e-01
-5.657303656347948406e-01
-4.874668755688145172e-01
-4.048765950056333884e-01
-3.186926011224070487e-01
-2.296798691501517053e-01
-1.386284823993997883e-01
-4.634661942482130870e-02
4.634661942482010827e-02
1.386284823993916837e-01
2.296798691501437117e-01
3.186926011223993327e-01
4.048765950056323337e-01
4.874668755688134625e-01
5.657303656347938414e-01
6.389723929251752699e-01
7.065428560206438169e-01
7.678419947071958296e-01
8.223257134902389742e-01
8.695104110247514617e-01
9.089772725950238108e-01
9.403759875437516236e-01
9.634278586542143197e-01
9.779282758865056602e-01
9.837485325107296896e-01
9.808369675170525159e-01
9.692194241624779716e-01
9.489990205842734339e-01
9.203552345160759263e-01
8.835423102308349597e-01
8.388870018506324744e-01
7.867856730539720678e-01
7.277007789237058821e-01
6.621567611629702865e-01
5.907353931135421732e-01
5.140706158944116089e-01
4.328429114955694157e-01
3.477732627716810243e-01
2.596167539472198915e-01
1.691558684354698694e-01
7.719354346027948455e-02
-1.545395687149179326e-02
-1.079642867880267337e-01
-1.995163180518109147e-01
-2.892974283520546308e-01
-3.765107141977565575e-01
-4.603820642896129245e-01
-5.401670305866200783e-01
-6.151574360796415730e-01
-6.846876606206525606e-01
-7.481405490143360204e-01
-8.049528889312174140e-01
-8.546204100202476894e-01
-8.967022598480769435e-01
-9.308249169364929410e-01
-9.566855061655152870e-01
-9.740544871143691497e-01
-9.827776914785415485e-01
-9.827776914785413265e-01
-9.740544871143708150e-01
-9.566855061655149539e-01
-9.308249169364969378e-01
-8.967022598480761664e-01
-8.546204100202536846e-01
-8.049528889312244084e-01
-7.481405490143440140e-01
-6.846876606206611093e-01
-6.151574360796401297e-01
-5.401670305866185240e-01
-4.603820642896112036e-01
-3.765107141977676597e-01
-2.892974283520527989e-01
-1.995163180518227386e-01
-1.079642867880248047e-01
-1.545395687148986077e-02
7.719354346026746638e-02
1.691558684354580178e-01
2.596167539472083452e-01
3.477732627716698111e-01
4.328429114955649193e-01
5.140706158944131632e-01
5.907353931135492786e-01
6.621567611629717298e-01
7.277007789237025515e-01
7.867856730539649623e-01
8.388870018506299209e-01
8.835423102308297416e-01
9.203552345160742609e-01
9.489990205842719906e-01
9.692194241624783047e-01
9.808369675170526270e-01
9.837485325107296896e-01
9.779282758865055492e-01
9.634278586542167622e-01
9.403759875437531779e-01
9.089772725950230337e-01
8.695104110247537932e-01
8.223257134902418608e-01
7.678419947072034901e-01
7.065428560206522546e-01
6.389723929251792667e-01
5.657303656347923981e-01
4.874668755688056354e-01
4.048765950056305574e-01
3.186926011224041067e-01
2.296798691501554246e-01
1.386284823993967075e-01
4.634661942483214725e-02
-4.634661942481625718e-02
-1.386284823993809423e-01
-2.296798691501399925e-01
-3.186926011224154309e-01
-4.048765950056288365e-01
-4.874668755688161270e-01
-5.657303656347908438e-01
-6.389723929251777124e-01
-7.065428560206412634e-01
-7.678419947071933871e-01
-8.223257134902408616e-01
-8.695104110247462437e-01
-9.089772725950222565e-01
-9.403759875437484039e-01
-9.634278586542163181e-01
-9.779282758865052161e-01
-9.837485325107296896e-01
-9.808369675170517388e-01
-9.692194241624786377e-01
-9.489990205842726567e-01
-9.203552345160798120e-01
-8.835423102308366250e-01
-8.388870018506382475e-01
-7.867856730539743992e-01
-7.277007789236942248e-01
-6.621567611629730621e-01
-5.907353931135396197e-01
-5.140706158944148285e-01
-4.328429114955666401e-01
-3.477732627716846325e-01
-2.596167539472236108e-01
-1.691558684354599051e-01
-7.719354346028332869e-02
1.545395687148793523e-02
1.079642867880090118e-01
1.995163180518208512e-01
2.892974283520510226e-01
3.765107141977659388e-01
4.603820642896218618e-01
5.401670305866168587e-01
6.151574360796385754e-01
6.846876606206496740e-01
7.481405490143335779e-01
8.049528889312153046e-01
8.546204100202459131e-01
8.967022598480810514e-01
9.308249169364961606e-01
9.566855061655177295e-01
9.740544871143705929e-01
9.827776914785412155e-01
9.827776914785415485e-01
9.740544871143714811e-01
9.566855061655157311e-01
9.308249169364981590e-01
8.967022598480778317e-01
8.546204100202554610e-01
8.049528889312186353e-01
7.481405490143374637e-01
6.846876606206537819e-01
6.151574360796431273e-01
5.401670305866216326e-01
4.603820642896145898e-01
3.765107141977712679e-01
2.892974283520565182e-01
1.995163180518264856e-01
1.079642867880286489e-01
1.545395687150770067e-02
-7.719354346027755553e-02
-1.691558684354679820e-01
-2.596167539472180597e-01
-3.477732627716792480e-01
-4.328429114955614221e-01
-5.140706158944099435e-01
-5.907353931135349567e-01
-6.621567611629688432e-01
-7.277007789236997759e-01
-7.867856730539625199e-01
-8.388870018506352499e-01
-8.835423102308340715e-01
-9.203552345160778136e-01
-9.489990205842711024e-01
-9.692194241624777495e-01
-9.808369675170522939e-01
-9.837485325107296896e-01
-9.779282758865057712e-01
-9.634278586542175393e-01
-9.403759875437542881e-01
-9.089772725950299170e-01
-8.695104110247490192e-01
-8.223257134902361987e-01
-7.678419947071970508e-01
-7.065428560206450381e-01
-6.389723929251820422e-01
-5.657303656347956178e-01
-4.874668755688211785e-01
-4.048765950056341101e-01
-3.186926011224077149e-01
-2.296798691501591716e-01
-1.386284823994005377e-01
-4.634661942482203728e-02
4.634661942482636715e-02
1.386284823993909621e-01
2.296798691501498180e-01
3.186926011224118782e-01
4.048765950056252838e-01
4.874668755688127408e-01
5.657303656347877352e-01
6.389723929251747148e-01
7.065428560206384878e-01
7.678419947071910556e-01
8.223257134902386412e-01
8.695104110247511287e-01
9.089772725950262533e-01
9.403759875437514015e-01
9.634278586542155409e-01
9.779282758865047720e-01
9.837485325107296896e-01
9.808369675170530710e-01
9.692194241624794149e-01
9.489990205842735449e-01
9.203552345160762593e-01
8.835423102308321841e-01
8.388870018506329185e-01
7.867856730539682930e-01
7.277007789237063262e-01
6.621567611629759487e-01
5.907353931135427283e-01
5.140706158944180482e-01
4.328429114955701373e-01
3.477732627716882963e-01
2.596167539472273855e-01
1.691558684354637077e-01
7.719354346027322566e-02
-1.545395687149806081e-02
-1.079642867880190593e-01
-1.995163180518170765e-01
-2.892974283520472478e-01
-3.765107141977623306e-01
-4.603820642896060411e-01
-5.401670305866137500e-01
-6.151574360796354668e-01
-6.846876606206468985e-01
-7.481405490143401282e-01
-8.049528889312210778e-01
-8.546204100202507981e-01
-8.967022598480737239e-01
-9.308249169364949394e-01
-9.566855061655168413e-01
-9.740544871143701489e-01
-9.827776914785411044e-01
-9.827776914785418816e-01
-9.740544871143719252e-01
-9.566855061655168413e-01
-9.308249169364948283e-01
-8.967022598480735018e-01
-8.546204100202505760e-01
-8.049528889312207447e-01
-7.481405490143399062e-01
-6.846876606206566684e-01
-6.151574360796461249e-01
-5.401670305866249633e-01
-4.603820642896179760e-01
-3.765107141977747651e-01
-2.892974283520468592e-01
-1.995163180518166046e-01
-1.079642867880185875e-01
-1.545395687149757509e-02
7.719354346027371139e-02
1.691558684354504127e-01
2.596167539472143404e-01
3.477732627716755842e-01
4.328429114955579804e-01
5.140706158944066129e-01
5.907353931135318481e-01
6.621567611629763928e-01
7.277007789236972224e-01
7.867856730539686261e-01
8.388870018506332515e-01
8.835423102308325172e-01
9.203552345160764814e-01
9.489990205842699922e-01
9.692194241624770834e-01
9.808369675170509616e-01
9.837485325107296896e-01
9.779282758865047720e-01
9.634278586542155409e-01
9.403759875437514015e-01
9.089772725950261423e-01
8.695104110247509066e-01
8.223257134902459686e-01
7.678419947071994933e-01
7.065428560206478137e-01
6.389723929251850398e-01
5.657303656347987264e-01
4.874668755688245092e-01
4.048765950056248397e-01
3.186926011224113786e-01
2.296798691501493739e-01
1.386284823993904625e-01
4.634661942482588143e-02
-4.634661942482252300e-02
-1.386284823993871596e-01
-2.296798691501460987e-01
-3.186926011223950028e-01
-4.048765950056217311e-01
-4.874668755688094657e-01
-5.657303656347958398e-01
-6.389723929251824863e-01
-7.065428560206454822e-01
-7.678419947071972729e-01
-8.223257134902365317e-01
-8.695104110247493523e-01
-9.089772725950246990e-01
-9.403759875437502913e-01
-9.634278586542147638e-01
-9.779282758865043279e-01
-9.837485325107296896e-01
-9.808369675170522939e-01
-9.692194241624775275e-01
-9.489990205842746551e-01
-9.203552345160777026e-01
-8.835423102308340715e-01
-8.388870018506349169e-01
-7.867856730539707355e-01
-7.277007789237088797e-01
-6.621567611629788352e-01
-5.907353931135569391e-01
-5.140706158944094994e-01
-4.328429114955609780e-01
-3.477732627716788039e-01
-2.596167539472176156e-01
-1.691558684354675102e-01
-7.719354346027708369e-02
1.545395687148022265e-02
1.079642867880152290e-01
1.995163180518132739e-01
2.892974283520435841e-01
3.765107141977587224e-01
4.603820642896150894e-01
5.401670305866220767e-01
6.151574360796325802e-01
6.846876606206542260e-01
7.481405490143376857e-01
8.049528889312187463e-01
8.546204100202489107e-01
8.967022598480721696e-01
9.308249169364937181e-01
9.566855061655125114e-01
9.740544871143715921e-01
9.827776914785415485e-01
